183
0 13
30723 70546 6990 4346 45948 82022 1599 91997 96767 45608 94356 88544 94192
6670 14
44840 32372 85491 5932 48496 3741 42836 93558 58112 93926 61304 23424 22441 28080
6664 10
89703 9884 92775 21625 99029 52097 79702 78230 41490 4741
6665 15
90309 15422 20270 49364 14148 67942 96148 31325 21582 50515 88816 60207 78328 35658 94640
6666 15
76810 35105 71161 47212 93693 44555 4524 7008 7473 65449 29962 95095 53303 93596 36581
6667 12
33977 18531 3628 15607 18110 83751 26562 93446 25655 91227 13543 85540
6668 17
80273 25431 78480 69484 55843 26256 30286 12346 44158 8996 47241 19966 99754 25654 4922 24563 83493
6669 20
1901 1889 1918 77258 35314 13095 76938 85615 38592 70627 67049 42918 99363 23109 83505 85781 3242 92111 96915 59832
6671 15
10627 51409 12097 44283 93712 69414 79169 56116 28793 6542 95983 26968 98670 24213 83428
6662 14
65002 63706 95718 11990 77505 59662 67410 53378 2576 22401 46197 64323 44556 33638
6672 10
96994 43485 7035 11758 59459 83139 7832 84169 85095 36661
6673 10
54187 42973 51168 30070 65766 50888 23796 76296 34572 73418
6674 14
11738 69507 33970 54100 72304 63865 53115 32297 80511 11514 84547 39489 86425 44386
6675 10
71736 76543 91404 48196 73512 75116 21393 5734 60941 19032
6676 11
90738 92198 95455 65973 32079 67199 26075 19224 88551 69006 12465
6677 14
36660 18424 2620 99327 39265 28138 94143 29824 18230 39373 18035 60934 62366 2525
6678 11
29257 72210 8491 62605 52475 38821 61086 88536 3822 57644 54326
6663 18
45053 32798 92013 82590 46973 49750 90206 12496 10406 48553 34198 22280 61674 27372 47822 18204 55173 50977
6661 10
46249 67718 1820 62917 37975 86958 79387 17522 56416 37238
6680 15
18164 77425 98860 57564 30247 53964 11670 52709 47767 2474 66043 39175 34284 74415 15370
6651 15
60822 34061 10564 56279 42422 52850 24752 74736 47244 21468 71387 51614 75521 17235 97922
6644 20
34688 73905 67532 39066 43182 59710 32722 10816 2164 91504 34217 35676 60249 79918 87633 52990 47332 5281 62465 89990
6645 11
82989 73926 5018 80150 68788 11090 55235 22571 98520 67775 6841
6646 11
73362 30797 40391 38554 29897 56495 98245 72758 56925 94394 6063
6647 13
69348 66674 34557 67756 17147 59082 99464 21937 14914 69617 63472 62188 75632
6648 16
70783 51529 6806 43434 50138 49094 78236 77751 91520 60262 77487 2954 12455 68359 21251 12829
6649 14
18523 89480 31603 33631 24533 43069 80064 25729 59565 40576 88186 75611 48012 67883
6650 19
48210 39747 40209 35527 42801 68771 48680 48965 45180 71887 24654 20578 65651 19097 66902 61723 89785 95778 89954
6652 11
24500 24503 30725 67196 66038 5853 13506 65063 45239 201 65213
6660 11
50595 62446 71964 77481 76945 15571 8197 48688 715 21371 503
6653 11
79668 79956 8245 51680 67993 20599 24204 49061 7097 68278 77499
6654 17
27796 61709 4327 63573 10613 42309 40876 18908 68860 78231 31707 72165 56570 82253 4688 56962 5163
6655 20
1741 89066 30280 12300 72032 8067 94030 59610 38082 70869 13993 88499 49069 60650 64013 78703 48828 961 52806 15433
6656 18
95713 46400 91373 93514 18667 68962 13355 57352 77941 63240 10195 71534 31792 26819 85014 91324 44223 89539
6657 13
94464 25342 91754 31033 26739 94183 49626 87436 88294 62405 40424 85570 20560
6658 16
22660 52244 20548 69522 22673 35885 64619 38461 68403 62393 1059 22363 83270 18744 76036 27508
6659 11
20465 18019 82661 30092 70007 79939 34109 28602 64002 30787 90686
6679 17
55721 25368 36508 72151 83887 35817 47119 82681 65611 29223 27102 67448 78144 31872 80781 32194 65843
6681 20
45172 40452 40767 73261 71418 49451 13526 87963 25917 34476 31145 62095 18428 65508 81470 50712 61662 2919 20095 91180
6642 11
55184 40304 81020 99831 11790 82638 46812 61459 35838 27336 82426
6709 18
52900 90665 578 78420 80243 63781 65752 77951 91097 4796 61772 51272 54372 40945 88094 9950 56106 69637
6703 18
34923 34060 65934 41312 167 34605 46357 3664 38507 76730 33157 57248 83569 29709 30202 32929 89846 67282
6704 13
42594 47648 70015 14259 55321 88392 37796 40055 36722 71272 5385 91105 12078
6705 14
85307 87881 32380 91455 78371 84572 68142 21626 25972 53252 87212 98778 13254 48332
6706 10
71361 29936 14892 57944 93556 53515 78717 39496 74551 44340
6707 18
26132 73359 12801 87819 34274 6783 15511 92384 28808 64318 43036 96522 71416 16327 46463 11537 21808 38153
6708 18
60358 25097 82656 4332 68926 49812 51954 1616 65529 77942 74189 13767 3164 41018 46731 37840 33847 86005
6710 14
93055 59355 5194 46043 83162 66945 62069 99269 79145 75917 87179 7218 98971 80968
6701 10
13604 72445 20538 82591 64765 87693 82855 80191 34917 82032
6711 12
66419 10981 37438 35679 23151 23332 58897 71164 48988 63614 80421 65242
6712 19
21673 72059 82890 90135 8461 85203 62255 55337 36804 4260 15454 89403 76611 60773 4014 14454 10214 28022 87917
6713 20
25486 48760 28885 18934 642 57314 53834 3359 1414 83280 75223 28079 74996 12685 78296 85644 24935 29160 3135 74229
6714 14
31600 55809 44688 83436 70874 13167 94077 69010 79798 82642 20579 12786 74915 36235
6715 18
1147 92033 75926 67956 26822 98111 21077 34769 68116 3598 95314 94724 69349 9544 96008 49510 70288 35878
6716 13
36349 52106 58043 37780 33913 22414 60612 89440 75910 77848 36073 19528 43369
6717 20
62589 28162 52310 25539 40088 26392 18904 87993 68371 32544 83653 41992 95454 2492 14982 74352 33661 18367 36096 81339
6702 19
50753 63639 93166 81785 8808 41999 76843 75983 22817 45821 46273 65657 25065 36390 19296 18442 25794 89309 32460
6700 18
52307 98647 64347 14219 90696 19502 7419 11380 89962 86924 56261 65625 37540 6836 75605 8858 58255 20001
6682 19
86535 83046 85761 38214 55415 39929 90012 43867 60898 68607 46591 75819 62649 52663 4975 97974 28201 29298 5294
6690 13
47095 82873 38915 24271 55210 45437 17095 9901 36563 11477 94341 68314 43646
6683 20
34842 88756 93888 31128 48767 83197 65452 61531 20575 15737 71803 30537 53939 93585 77971 40642 92097 98182 54273 10427
6684 15
77163 229 36951 4141 81377 58604 19113 81014 30077 92084 30230 12985 6962 23191 42742
6685 18
76266 30870 6876 91472 50087 74792 88394 78907 94317 65823 79479 15478 10677 72964 83859 39797 30152 55525
6686 14
75489 43482 7754 2929 17313 3332 38316 93809 10035 67169 38182 51855 54361 26228
6687 16
25977 60359 72446 29673 64081 79753 54528 82484 63945 11527 1974 71957 34253 25819 66083 97338
6688 20
31499 79150 82872 64789 91570 31119 22578 55025 49367 81121 83085 94490 61095 91244 92751 89247 31997 9103 36135 90381
6689 20
15500 28685 24539 91585 32064 27530 22298 33352 72417 41374 54753 2589 24598 21074 68814 56360 15825 38358 60721 45742
6691 18
33031 24976 58474 20105 59019 90973 12402 62430 55685 52101 17562 90282 1592 36494 86178 91077 17847 65536
6699 17
38459 96380 46488 79640 88650 5030 75376 36803 96160 75064 36873 96356 46382 96602 66077 3616 86751
6692 15
12835 76676 46558 9262 25615 77310 82345 45944 22339 35104 89424 76111 32200 7892 28401
6693 17
11171 88888 89593 61470 77269 12197 87106 80946 7108 37701 14953 55375 3692 28662 94469 28274 78858
6694 14
81013 6928 47023 27826 71961 8661 87237 95283 34659 93434 51500 78535 29563 43114
6695 12
76380 40882 25348 45807 92383 37692 14959 84272 51863 84968 73332 57966
6696 10
12199 71651 70893 2360 69957 99050 33710 22969 5039 94775
6697 18
61008 92386 62194 74697 74011 8781 21502 7818 65374 47534 52000 52185 26388 28488 22761 4307 99921 98875
6698 20
57357 49808 78708 78305 78901 20552 90165 48503 48976 61763 70031 16542 14519 29418 78589 89391 48694 93865 76220 52944
6643 10
48733 85321 28141 3395 99968 94483 63133 4115 99184 58905
6641 15
75785 83966 34905 25626 88013 51814 94195 38892 5314 20004 83457 78931 78045 54873 39050
6719 17
12394 68776 11747 25772 61383 39688 25295 80492 50175 21056 97465 33452 24093 17853 76904 88270 3944
6592 12
50263 56204 66331 14848 24425 44630 75727 73174 92036 29885 18928 7872
6586 18
96436 73428 37323 42600 28119 87131 60901 90896 41139 47698 5579 42086 22929 60687 35966 86445 64014 51950
6587 14
92688 48916 55811 29446 37851 31300 8480 84829 76783 45966 89475 61319 31926 53829
6588 20
36766 37636 47631 75758 2159 38766 82960 1988 98341 66794 42352 7618 50809 49067 50826 48982 75995 19537 88210 60125
6589 17
28167 77565 53249 55233 1466 26364 12262 37452 71061 99279 58344 41750 28104 15626 20342 83198 77610
6590 19
52339 8919 30185 90657 29815 40679 94505 79428 78056 18636 91430 14951 84237 19817 99933 76762 73956 69388 57556
6591 20
38928 60052 7197 28308 52332 59767 6139 56722 76733 85228 91109 87551 49517 98322 79707 74079 47170 20794 3917 71289
6593 9
26860 26465 48379 98187 81347 74293 25465 19759 32523
6584 17
56723 86810 53981 97221 39012 74048 12341 75440 29120 94283 11584 91428 45335 67825 28980 50851 47681
6594 13
67175 62447 78452 28837 83086 86297 56405 87680 23273 31640 23659 54261 50315
6595 16
81783 7214 89516 99861 25204 35813 7302 33615 59238 88238 40768 43575 14822 69437 68552 15614
6596 13
80286 31486 71384 5521 68981 50204 93210 95766 22425 29311 56935 12096 99315
6597 10
97363 3198 61254 36057 88275 65480 7440 15458 53302 92021
6598 19
43454 27971 51440 93894 662 37131 93202 48821 36736 72832 71378 46416 2997 54550 26647 48369 39829 24299 32414
6599 11
32483 21147 78054 15578 31635 9054 63812 83455 93183 45501 23302
6600 12
96614 53584 84265 14604 87608 52762 72201 4539 95278 52800 6558 20474
6585 11
76539 23031 47115 74371 95266 95885 99268 3145 98000 96872 69992
6583 13
16248 93053 51969 53460 41352 76636 3901 85312 60537 85355 65757 76356 55526
6602 20
63803 52271 86127 64012 33369 93392 69991 80221 24284 65253 21751 5244 83015 87723 24465 71718 66197 64584 69698 23964
6573 10
6298 96088 25795 92807 27417 82428 54403 17491 90076 97986
6566 14
57047 78116 84999 59813 36626 90199 29333 27610 29932 49086 44922 96287 81276 91967
6567 15
8273 21389 99881 24177 14082 17028 56153 22857 96430 68935 9197 29950 52329 81167 93184
6568 16
40682 53979 97611 73865 24258 77119 47901 95390 48044 67360 76297 15107 82393 62870 15778 56609
6569 13
36802 72414 81758 75385 65646 272 36329 54274 81290 12254 60216 98702 72330
6570 18
18679 75928 26069 10335 23095 57606 57453 78013 30656 91144 53585 44856 8442 87210 94364 69553 91607 81143
6571 15
56438 8036 34317 18691 17244 87513 44632 40622 95036 16266 3865 23386 5567 83358 23129
6572 12
30560 42542 79617 75962 58485 37887 43279 28378 54443 59309 83249 64810
6574 14
63508 65921 96050 78617 71468 71248 26990 49134 77559 22045 13128 20362 34065 71244
6582 16
92849 51402 61703 19636 62459 21859 11429 28203 49159 96211 89566 7725 9341 11085 75942 75619
6575 17
52090 27221 97009 89958 67228 34928 97667 65958 52064 66548 4708 65896 90459 67507 30716 16265 62727
6576 17
16114 56232 99596 63402 96340 29679 50222 67843 59711 19078 27080 90562 709 37713 2405 76289 46173
6577 19
97262 75883 63694 13148 10211 39782 22110 92271 66959 66843 29382 51211 91222 97718 94756 77161 21943 21860 20950
6578 10
76143 5637 79026 18760 96914 15324 23222 18702 21252 836
6579 12
48298 57009 39545 60202 19761 31885 58323 40243 13387 6821 2846 64898
6580 10
67781 1300 11889 480 31 66649 55542 1115 97376 73571
6581 11
1403 36828 49811 75126 34490 87351 34635 4779 10189 91486 50911
6601 14
22199 1255 49250 79351 54476 70705 96661 10989 33026 73875 72784 23397 51301 17231
6603 14
59514 8443 29803 91856 63190 33322 32980 33966 14793 78897 4878 55519 72164 97381
6640 10
5291 10578 48383 8464 42620 10242 53923 94105 66266 53977
6631 11
16660 81202 15648 830 91263 38393 45331 96378 30763 42024 62386
6625 17
43817 44475 29877 97778 42728 78173 51990 45055 21827 24544 94829 34124 63776 58262 89881 60948 28397
6626 18
71113 49790 1774 85778 15749 14715 47443 43743 96095 34585 19180 23030 30464 33297 77695 21817 74009 86838
6627 11
34898 75586 46077 40830 26052 2003 83145 2777 93569 10037 25067
6628 9
4392 26527 95111 92019 33668 61442 80033 22221 33427
6629 20
11501 68993 53287 53925 50800 47592 15665 34388 62057 29540 64396 27322 56487 92103 84276 66411 89630 84110 30401 70445
6630 13
49202 59149 99868 29501 86208 70422 59604 4871 62264 92878 47159 67107 3709
6632 11
81021 92841 73227 24026 35272 59580 51565 97473 94227 23826 44390
6623 17
46320 4384 27997 33766 70799 2855 2008 25918 60235 31814 96838 16614 26996 89744 49504 42512 31681
6633 20
69673 46796 91131 38820 12603 24522 71810 4861 13722 7343 50672 23120 27148 28747 78792 63971 66888 48990 97717 3560
6634 16
73348 92692 76078 20489 14221 19258 11963 53104 20397 14480 10566 67365 95224 2045 86293 48981
6635 16
18033 77140 83911 41814 49046 32659 59687 43342 82358 45890 83817 40134 86581 19111 62708 42696
6636 15
32592 88953 47982 47875 75695 95361 60066 1816 34089 97223 54092 5454 71874 997 42641
6637 12
3873 20902 27361 48088 86868 76364 76004 73452 42527 7179 74827 63795
6638 15
88692 80789 86499 6 65072 46440 96061 68153 16504 95207 39403 22932 65605 26000 27941
6639 14
93723 13141 15161 61203 4937 26462 94302 15573 73787 60660 69990 39311 90877 47068
6624 12
78491 10286 61135 45683 82094 64750 80062 38905 65680 71019 16173 86738
6622 17
53429 88021 88036 44905 9183 1133 79296 47299 62848 24733 18793 6272 58564 82147 57998 45670 84481
6604 14
27292 71243 88197 45191 31823 31951 57714 43336 7501 43951 72056 70789 44258 91827
6612 17
53430 1584 21810 56700 56585 41036 63998 60509 64075 91424 90289 11996 3698 22393 51976 26840 61274
6605 10
53396 82721 42447 50051 51053 28095 26103 35757 75986 36971
6606 15
4697 53170 40103 92191 27485 28087 47923 40239 1236 89288 40500 83662 55231 32002 5144
6607 16
88118 31349 40104 32739 11257 5971 98411 12666 2690 86148 38537 98495 27459 55097 31828 10622
6608 13
56386 83533 92625 59424 18616 45646 65440 6829 9777 80953 98603 67023 2017
6609 19
6635 17782 91760 34525 44884 8037 15824 40813 76612 84281 20546 69910 64281 73426 78614 22173 26726 62769 80532
6610 17
88922 60699 95810 65737 5135 71667 50940 33337 44482 70938 14763 58943 39387 52564 85530 15445 9061
6611 10
78467 32223 29167 86380 78699 61802 51015 56399 82573 94932
6613 16
43820 56837 12540 98476 46772 80613 8592 18014 28339 31537 88175 94657 20539 32060 32118 43090
6621 10
29969 24918 39522 15965 25461 79047 79953 38960 21628 58005
6614 11
39749 69435 86037 11828 4128 12232 72185 50988 28313 735 62517
6615 16
53836 41047 2018 25435 42852 56848 72229 72365 80554 61742 5501 3916 43224 92696 99431 5537
6616 11
54588 19375 15310 33117 90146 1689 64306 48471 98102 91310 25096
6617 11
35264 20953 23323 30610 31755 84460 64879 57021 96926 61247 12449
6618 10
30986 43613 69228 54774 30485 5349 25153 23316 45396 78488
6619 11
5794 56857 21025 99811 33183 11694 48818 31253 38534 96439 73595
6620 20
22378 74278 62730 46322 36538 30693 43459 20893 9849 73468 88319 57799 11610 67639 58252 28426 68616 82787 34407 78397
6718 20
11486 38427 21013 84004 5870 14462 6306 76171 48788 90812 65227 90174 49208 45002 73545 86973 22505 25050 46024 1672
6720 17
84117 32130 96208 83994 98510 46403 21793 25768 75689 41499 38525 4541 58756 10141 20719 65565 60182
6564 12
23828 40167 26188 9300 73340 82125 21305 25873 61293 63645 2643 61898
6826 14
45341 31516 17486 35453 49952 18798 56931 98963 6581 46958 41184 52131 75337 44766
6820 15
43794 40360 61375 4946 38041 19522 56248 91893 91194 14865 53714 78567 54610 8029 269
6821 18
93884 2614 30421 95339 82842 36401 85849 38721 74059 53296 99232 47392 65710 40734 6120 64475 1631 34765
6822 17
10778 10666 8511 77680 75430 35097 21236 90677 12742 98206 31946 83532 67692 38362 45756 15027 34656
6823 12
18491 49563 57272 76471 72221 75685 56115 41464 35328 79199 26344 47247
6824 18
83829 63738 40273 87711 28972 73702 42489 79718 85351 44697 4015 18057 74228 75659 81647 91445 78736 44023
6825 18
82652 28246 42191 82064 30647 24913 99468 79583 51715 44461 23215 35545 53626 3636 63514 40844 9933 76639
6827 17
46807 74993 87042 58892 22551 70335 92746 5517 23769 77628 828 19267 15590 7456 3945 19816 720
6818 13
64663 18562 45620 69715 3959 35848 16155 83126 31830 15434 71584 59500 37154
6828 14
72174 85256 44187 79020 1600 67338 80701 29425 82723 50504 86303 89427 20841 53684
6829 18
11544 34523 50086 52615 69860 29348 2609 11981 68828 6498 25090 45522 60881 83846 27337 74908 9010 54721
6830 12
64853 7267 41918 25155 85319 30528 54113 32837 71662 32399 14016 72561
6831 15
83108 39934 97591 98655 61540 71665 62627 2046 56917 16931 75823 83952 34782 63498 18500
6832 19
25364 20256 22132 39171 44438 17907 65767 86543 83082 18282 26356 935 25371 59365 80719 99670 72490 91032 96968
6833 13
96624 18372 133 18881 98092 98776 17035 83173 19467 61538 34697 58466 66898
6834 15
72358 33989 14402 78195 24210 78198 93328 74994 67461 43473 32271 97078 43531 24360 77057
6819 18
43041 16784 40261 31054 96000 83663 99955 42993 22210 10371 88857 30706 73694 68851 80409 99499 91320 83031
6817 16
66851 79318 65441 30562 69335 56149 12250 48789 69402 50787 78653 11643 68775 54793 38706 6214
6836 20
39964 20434 47880 63685 44567 13539 8810 11927 60963 16538 35649 34777 9803 76334 73748 46021 43887 2475 7098 43972
6807 11
73011 73757 87269 64478 77372 12587 46386 19041 83763 21367 97249
6800 11
12400 63815 83103 41628 83089 88125 34778 62814 1443 82153 20516
6801 18
89882 93960 59005 23199 79281 93877 95917 19665 97597 4118 27821 66024 86725 84705 68766 84902 9181 8368
6802 17
40156 64426 43484 41580 8377 81284 33143 99924 20814 56425 23833 15035 62855 74384 32525 70515 28392
6803 14
9862 7930 2882 50896 74191 40443 48276 39360 73284 12299 58221 98721 81998 41797
6804 13
33389 97529 39649 12635 75157 62600 45339 31424 6486 65802 79198 6722 18597
6805 18
59020 20240 85071 51279 7080 6252 83935 72651 49444 83178 21120 4740 12320 12103 87313 63182 5852 8175