48
0 341
12421 31074 31470 37940 64691 64075 9857 58955 24867 79038 78361 31819 39198 77895 49247 65959 50394 4113 91865 79315 81433 7481 27933 46583 41071 27998 22599 49538 60944 73775 32003 98633 85964 71970 35107 96613 85925 85809 41328 85867 90797 80636 71844 89603 8674 4328 86413 61524 17643 84948 11006 9069 6970 56271 29628 37367 4374 32267 17880 7563 94965 18088 83315 26092 83655 73153 39492 53706 74370 80650 96360 74650 38182 23922 50523 18877 2846 73947 67732 47842 593 41469 45717 62548 96727 75985 77738 30769 92397 22260 86636 10108 43074 75179 37903 71126 34352 33315 5325 2926 58636 9441 82801 55913 60979 2407 42729 80092 43297 47044 25355 27863 4213 48125 54664 91345 98726 2797 1970 52440 36651 44902 92730 85368 30623 9591 25685 97566 63100 66827 50618 52465 70371 74214 29259 19265 63214 29026 67463 38880 40061 3066 386 92380 44167 25592 39973 27656 56984 43658 7072 32237 8351 80191 45410 43162 83834 50592 44402 76166 8602 62989 28683 18709 12261 80354 4476 35197 38183 40929 24972 56286 14100 2885 82252 72752 34373 4290 22580 39496 51722 63263 86342 52906 30407 89497 55326 12749 50625 13975 36490 7180 81797 76197 39635 22510 31633 71630 38677 26528 986 97495 92963 42234 5610 23462 12286 85336 50047 7292 42557 69055 32366 44616 6580 50872 42332 73467 93442 30262 50317 89917 9027 42126 23954 38069 67516 693 77763 37567 35661 41289 87332 74784 41060 74985 93968 37116 64658 93078 45680 62436 88953 80909 1734 6600 37925 35512 13782 52583 21671 71589 52050 86227 8930 85982 40455 20886 96284 6093 59703 54633 52090 14769 10284 29655 59126 48946 19369 99567 83261 42800 45572 71846 28322 8024 79283 93817 96897 99630 67555 20438 34541 38494 95567 3342 35983 65316 83832 18369 34505 75458 54534 84991 80160 99650 39752 17983 91648 30475 46257 34608 3313 11917 89610 6973 86242 65856 4731 94267 72715 5683 84637 54810 71381 20380 60041 86920 81264 70381 89805 59278 42434 84835 35319 27615 62860 1177 65211 25170 87833 35444 15755 11007 80118 45358 48814 53941 53602 28809 3951
578 324
13124 57546 47238 20195 52134 46657 15515 5212 67142 74272 99563 5149 79923 45287 10442 49969 32334 42946 58885 35342 66523 44219 51312 20533 95927 15891 49794 52899 39717 12373 36147 62680 66227 10464 83555 44693 95327 96180 14981 4908 26310 99740 52364 86322 45457 64050 57149 28092 39682 37609 22153 97328 11522 71099 69970 84031 24379 40549 9221 77499 65422 91412 16742 99906 78245 5736 93212 97762 83601 91826 54802 99902 46772 42907 77166 73973 2950 91078 17501 48926 35118 11146 80681 67265 69662 72169 9019 51285 61102 47379 6249 7044 28600 50353 55729 75086 134 88234 19279 67026 37756 65289 71534 84590 51620 62484 60328 94434 66561 82455 74740 91398 6044 17286 53910 98360 1579 6298 12726 34684 31383 48378 18493 30789 24548 98101 41686 75898 97714 90966 30862 24087 56558 48774 57652 61126 63698 4218 34072 6538 39934 19031 41822 38139 48124 37061 1127 1999 79505 43499 27989 36485 30285 15856 63793 30131 13878 53024 60899 30821 12798 39693 71053 60559 37624 71272 52796 61889 79143 33012 59799 28337 62632 25439 55429 3260 12384 59778 12641 24097 54953 77753 51994 40693 91583 40535 9815 26324 5339 98880 79062 58446 62134 57182 59668 76091 71078 26275 57512 8810 79516 24944 10327 27434 91900 8577 73904 89962 4899 55040 71308 14380 80822 49609 58921 26042 22742 31489 48607 94849 5958 63155 26321 96497 5463 89871 99479 66850 43728 78331 51844 67408 90586 25895 18292 19518 9764 44445 28065 74676 42514 2619 12847 97589 9204 80091 88280 8895 49827 81835 57418 16173 68208 94734 51187 66240 60345 16884 28470 34742 91967 28229 45337 84756 55364 71899 99083 66997 99564 26663 93142 76731 97031 49688 68608 45114 34850 14032 92413 32655 41353 80389 75236 67596 17331 53108 38975 55489 70142 5354 68276 40647 29951 17265 18007 93913 39251 46078 45430 99385 21397 73988 79760 83980 53425 72307 8784 86896 71591 89612 14 35756 92882 86809 10455 47294 55888 28604 54480 62859 8343 77568 42834 72524
619 174
49328 20927 16298 2003 27732 69589 88434 18422 97768 88289 28085 2935 26774 38093 93967 85517 12714 2378 46367 82708 23553 6023 12885 40404 7688 72624 44981 81924 54775 66397 15928 26203 49659 83548 88901 57508 10301 16866 69989 95377 5629 50999 64068 41348 60493 44987 21326 48167 45827 14675 83615 7712 14089 30741 3488 2152 35594 17395 12376 56015 68575 62307 88484 35411 68881 21374 2215 97345 51351 78088 92998 97022 99054 68868 40516 19621 40401 59016 96994 66181 10067 82762 69425 66837 89026 88590 97176 52009 28709 4187 13732 34136 38334 74836 60341 2278 38542 95347 7166 57265 94493 82567 30066 50316 82963 96869 7704 35424 46349 61235 3682 95979 71303 52155 83248 5603 71610 8818 45044 58745 62867 40802 66264 5267 91821 30766 21361 56612 76305 56083 42265 65921 76441 29479 50300 52630 86609 15055 52426 46174 12684 42544 85604 95319 3122 35294 50957 74331 22307 70967 26088 52842 2747 48206 56358 77669 14095 71544 84089 92164 11687 1545 82510 88862 46157 93948 42774 12549 35996 2333 5264 98243 79483 15363
617 149
34187 53950 42243 45916 15380 75285 73010 80201 15267 73699 29577 72919 81106 13889 11960 99261 83218 79812 62725 73764 32691 52131 35875 52432 54614 34470 79830 54414 68385 47706 18756 73106 57328 75654 52222 20416 47265 89474 63264 87602 90373 80429 37072 79773 67825 96265 78794 82313 46577 40963 54887 1027 21658 44617 36187 16674 19684 58899 8060 87018 45089 70918 1378 64890 90880 90517 69109 13211 51176 81469 63073 82160 46352 87173 21742 7748 49593 50520 36005 30480 61641 79927 66847 17535 72192 53397 47970 45274 77517 25354 5846 70800 67176 18632 82448 67129 2017 13099 93064 52354 99380 1019 88232 82787 80810 62705 44500 41736 92327 63859 98468 73070 83352 73403 9492 89065 22342 11179 28640 67504 48802 66197 18945 84275 96359 58349 98582 32294 88416 91753 63485 60075 92168 74648 29677 23676 27411 87822 91226 56382 1669 443 48062 31224 16478 15034 54691 55925 64216
611 85
24693 71792 3166 55331 72710 22946 28456 64825 21451 20765 8507 61419 28434 30773 4806 27709 37759 40559 20602 31146 29790 84051 67136 36592 23977 2666 2498 99096 37562 45676 48058 4979 74955 37900 16174 54767 49649 23588 33390 50309 77990 66332 62754 32468 79469 42107 48639 4228 8797 42090 82458 98068 58289 43078 70249 22492 66491 38190 40385 48039 91461 63700 13043 18071 49784 24318 34384 66219 82215 25236 99785 33721 26399 41986 35231 96607 44759 44072 33246 71889 37220 61664 18956 73519 94979
608 131
75441 84305 23782 49574 92279 70882 64142 47975 6176 86021 55472 67735 89696 84541 79908 63094 83100 55876 84945 32843 6660 86528 98059 74448 11940 44720 38296 46020 66171 14940 22009 8190 94744 31173 32022 86674 39762 3220 95932 79820 63677 16576 85132 54085 13059 49651 36899 99550 18787 65501 21514 4539 36600 23742 75838 25332 1739 14965 66968 51003 91808 57444 4751 74441 26747 34535 33544 52023 63237 8944 9475 13187 81572 5833 91684 95846 62574 22340 52153 20080 80893 91286 42228 80144 95149 97553 79255 2766 70718 6410 38510 53445 46438 32328 11307 92519 31623 13031 6520 71795 14179 61031 69599 13125 96369 25916 9266 80721 93104 75749 70007 90054 11408 8972 21412 21743 4576 725 63086 35249 3208 77952 52119 93733 70758 45721 42467 55654 72161 7879 67832
607 334
38253 77292 69948 23183 16061 63171 76477 30424 45240 15475 40741 52201 13582 87485 70701 78077 78549 75639 95235 59569 13302 95199 93548 67034 94804 66796 50017 38585 69085 22476 89000 46324 71088 52267 17915 38348 7070 29820 42312 97050 38597 53970 67110 68569 44667 151 69403 71679 44330 41461 76919 10623 36661 2728 39138 66647 89415 1416 8075 63808 53582 4316 24148 30947 44854 41600 70043 41541 57267 64467 78425 13436 34929 2025 48613 5895 76883 46897 76013 30718 20589 14326 51400 44814 96540 50402 98079 38980 44668 82921 23774 2610 92928 38149 34592 47863 50200 25160 58703 16599 49880 92049 40506 64770 40489 80406 79751 64018 22924 5470 28157 88549 88329 66843 25578 79190 63330 86568 70484 71567 21642 43706 70762 73460 98318 46910 15057 84272 31539 12239 416 98248 73223 17634 20270 75984 6262 17030 28909 91560 88492 42849 47186 72314 18397 60051 77299 58232 15178 27907 56268 14612 92853 9698 38905 65827 27811 57156 58016 27715 5591 51718 79904 55068 58131 87223 208 16279 25639 84886 70414 1036 13543 83810 76094 86841 6240 9189 81269 28444 59942 27236 13420 22443 42682 88527 52360 33681 51589 40882 74635 33417 31419 43579 93253 55997 47053 76885 57132 23522 64567 8074 53938 57994 53652 22333 33693 89949 51238 86324 16464 43182 76041 94600 70619 30970 29230 96456 45692 97730 2128 81212 95089 52470 50172 53862 22792 58657 50254 9116 71365 33496 15307 12654 33686 94594 87770 20952 31433 78875 36122 24206 65229 79286 78110 63894 29331 70113 73254 30010 66001 3649 28669 52800 66643 50914 79797 37742 8117 30567 79721 4355 60840 4553 50302 75878 87578 18132 29314 79719 959 39689 61141 57103 46594 51199 50031 1576 30471 45026 92872 84182 64842 58729 31311 29676 61176 15125 86445 58223 22145 25361 91381 78337 6930 50790 80956 36124 64921 40051 10667 87528 33399 17214 39349 47381 23177 23464 5167 16761 65451 71110 85324 15153 78726 66845 524 43816 45285 27225 64911 10118 34113 84241 87142 84777 65755 9173 77866 20612 41442 45225 34803 37922
604 256
51648 37687 70398 79232 8085 53558 72558 95651 16604 69408 13084 10005 82400 48836 23625 26788 48336 26950 29191 56136 46993 29952 88980 15459 62410 4245 17619 5206 68682 64945 6960 43340 4173 41205 61712 5512 29073 43835 85847 26760 9870 55462 52092 10420 14178 26374 76706 43143 19663 88354 67653 87082 31588 613 16607 40035 8372 93961 20273 35795 19389 38438 87192 47609 28947 19574 30221 56956 79485 46891 11244 95305 46716 89706 47537 8001 56386 92204 27770 86113 96575 62684 18973 90771 89819 48452 70280 20624 28069 66414 32782 75903 60135 25477 39014 25755 22257 96640 92763 58362 37025 46598 56583 12260 42262 99433 49920 17758 37233 5521 97171 15889 45921 45161 1168 18303 4598 64626 47467 47631 78654 61599 66920 85536 24278 74330 53257 78281 79893 90382 52839 37412 33745 21498 63314 43856 14350 69359 78897 68119 99482 17383 69568 48739 24708 72875 32014 65334 41398 62665 27333 93544 23669 73803 23011 87888 43802 76694 98940 22089 78498 64705 12874 96342 92809 38082 21091 76704 46978 67063 51784 43701 86138 30640 99670 23985 17337 95773 49021 86793 67922 73899 73226 69544 61879 13477 30102 75864 10508 23688 16383 33566 10367 18160 21191 59968 93376 45593 97862 52766 5313 17773 15450 56794 82665 28844 54338 16741 4934 17053 23761 52781 82501 88453 41846 76589 31184 98694 23343 7391 34455 21614 59568 62689 90971 84172 82155 14049 9522 11881 8333 12447 77154 18256 56645 81174 26811 10026 12204 42114 70656 37123 12761 5708 55822 78261 75844 98366 15242 77367 31801 78840 45728 79903 59431 21178
602 322
34447 87103 80149 84532 3963 48902 72778 60802 56350 45509 16175 87043 75199 78998 29606 52915 52434 43565 47304 15144 25157 73049 59076 73459 40443 94517 18022 230 89655 28316 94488 945 43304 27222 95532 76057 58488 96588 9680 82780 76878 4612 86078 24933 12431 83115 7233 72231 15944 55170 83074 58785 7877 92390 42675 81079 36266 40108 728 24691 50271 64543 55402 24992 41121 67172 9155 36757 85586 81788 48491 10553 95975 96305 30544 48783 90444 73741 54046 55304 37530 26656 59815 13485 18287 38826 38057 87100 48966 3823 45541 19558 67075 52458 61048 60420 58225 22680 31258 49166 24603 8515 97056 33046 58153 43581 15305 95640 25833 65956 77167 21097 72102 2035 54055 74753 33029 78318 90471 27477 60071 35081 63849 60014 79057 38688 85030 19638 99464 89074 31038 81443 61979 54582 82806 81480 48408 58624 6183 1425 12296 4309 56498 76795 90465 10543 13748 29092 88353 48323 12316 29731 25485 5284 90724 97788 13510 99145 19382 24432 166 75064 85363 1975 91458 95415 28064 13933 84863 53035 33519 3463 65389 92732 73759 76108 17762 96378 59046 42497 21741 74527 68357 81219 2111 68037 94331 902 81071 13454 88585 76265 59580 79665 69904 62023 36524 11157 40696 55804 45658 19216 24925 12043 35761 60116 58169 984 29541 48883 62604 25788 12773 70786 35803 8070 40024 2395 48322 38298 92293 35064 44765 98103 3357 25701 56177 30071 1803 11174 21088 71699 5548 85462 35099 77846 18190 88565 86331 53444 10696 44255 49270 8647 84168 38739 49980 35707 82464 10307 28353 92548 23078 49107 87255 62622 64907 37997 89448 24306 69770 71644 72820 31004 34028 65946 60237 46679 6013 6134 46673 8059 16955 13145 63844 24806 32927 10192 75333 78999 80096 75036 17255 32033 89900 94232 98205 78023 4862 39099 39525 38509 40342 96658 19553 25728 87475 73275 56062 60495 46262 61266 66005 56144 25296 95836 8504 5466 52865 63810 29058 34121 47683 71223 12206 61937 81281 24435 76888 49881 16514 30201
596 64
73796 8985 33929 7449 94802 66066 5131 64904 30222 90848 88701 44685 14855 79139 17271 65376 39959 86514 50466 52538 86205 28070 34819 3642 6405 40710 2603 5799 11316 4185 36939 57568 66963 76039 17168 88866 93595 4840 53173 98311 11745 8931 26337 97120 61464 85488 9293 922 6524 9742 30127 58152 99397 68811 13884 47932 76826 97574 75515 89356 35136 80962 74817 52638
595 87
27870 58946 28288 17275 82947 69553 12009 35513 64831 31462 37648 46209 971 28662 81941 52270 12966 45036 65518 93688 25378 33320 31613 83624 88482 53774 56164 45935 75796 41320 41229 71947 15449 20235 93378 76528 20054 87682 56201 27503 14502 70489 48493 74538 31554 83454 79101 31969 78573 4061 19437 81981 27858 14381 30121 87655 76269 67658 33576 30988 15117 23656 66043 53101 21732 43921 95259 83310 14680 38177 20137 4097 6037 67847 76429 77214 12024 71031 54532 79080 27390 87934 53332 47594 47506 77955 11463
592 77
26251 23116 72417 77931 48578 19387 29317 35437 65380 60209 63145 19608 27690 93847 65639 85262 33495 5951 54748 94097 15745 89361 86797 6771 59772 45386 39319 71219 72612 19980 75514 4767 20199 30978 42343 17687 9145 12929 38671 99802 79075 81235 43505 27021 79379 99591 1882 29171 20290 59784 71698 28392 99646 97828 40182 50983 30764 92444 15762 57250 4275 13692 10105 18366 7182 16390 78347 75065 81932 63649 10019 29550 73288 36426 49973 31240 60143
589 284
22490 16232 77426 84228 28293 88621 84733 61835 21696 55512 85855 26355 10060 46623 58325 2142 75264 4698 85978 84584 23972 80240 47724 25147 5831 53497 37677 29207 41815 66048 55522 31890 36564 122 70168 26575 78930 99248 37387 15726 96648 97372 28109 19219 39710 22986 32345 52930 57590 56958 569 4468 69796 70215 44630 5228 40739 94150 58651 87817 94841 79763 70277 6434 75753 42491 83216 31946 64899 10290 98729 37967 53797 25273 89384 69280 59406 17184 73123 70614 87931 13271 57366 6743 36469 49224 48376 9934 88932 55928 48928 85081 57454 42854 74098 6872 99435 89393 64590 98009 24836 85554 88994 80916 15254 89292 2701 872 54453 50397 89791 89974 1618 73850 74449 73530 72057 30282 91864 59462 77767 20150 19258 15596 4515 38587 65908 16526 6216 34119 57632 7638 96010 79353 45791 12075 94263 4491 33165 65843 4755 90844 37946 63980 33711 28066 94027 70766 16197 124 45027 54166 71441 31851 30349 90936 31228 80172 82720 14270 62343 578 78587 45364 82038 95646 96078 55435 88805 19097 90200 6004 77698 55101 61183 96546 87774 49895 43914 31850 39716 18364 32912 53823 1309 95374 69578 89920 99599 64304 63004 5096 60728 77942 70208 92377 3372 14602 29101 16394 37076 94360 57667 10643 89288 91130 65844 41428 85332 86756 8365 15197 53303 70761 56973 4745 93034 69490 4358 8441 46694 30777 53031 93577 52883 22426 35471 2697 88652 15795 62736 34344 71584 56431 9004 4200 23354 50217 63491 11558 66436 94334 58847 29856 38593 2178 50838 34555 19512 48958 70814 31254 10561 87414 46678 27896 68456 80923 19501 13529 20362 63813 8568 58812 18283 64698 47544 12187 90273 74038 74384 84320 39151 27504 69332 74895 86215 33453 69134 74794 8346 89270 88292 8825
588 50
16113 86584 17785 46016 18063 26841 72896 9531 10650 71549 63359 33136 9288 84651 28957 17984 11572 41502 57734 46836 87369 77046 93611 27567 58798 38056 97961 86762 15929 36824 38071 50854 31323 76444 77507 99848 66494 11411 80793 60707 53877 47440 71343 91957 47708 88308 10086 37294 36240 29589
584 260
16314 3891 14821 68203 5078 55761 30257 9068 43619 40679 69459 59764 83246 51440 2783 67704 36143 92542 16558 87075 25872 53965 6455 18695 17002 75279 38219 29618 55624 41447 11879 69503 11424 36281 17287 53054 34220 38167 24529 95592 86591 6831 56236 88070 40168 85684 38857 79822 10509 541 90632 17397 63158 15150 46780 59363 98440 22244 94450 27113 11259 20774 54875 55600 53651 6968 42292 43025 83552 23130 26912 59608 7363 5949 14779 20689 95791 62273 87152 83786 78401 5191 14461 27359 55093 30856 65565 49103 67414 48989 51477 39229 92221 43310 36068 36293 52189 76339 68136 80979 21734 53934 15167 19286 30897 13984 21218 18152 75135 51468 22451 6432 11827 25801 6007 1619 36294 31337 24839 74488 77621 55861 17868 99828 3872 28526 33887 16899 91702 7961 99475 74567 49279 48816 86684 10388 11304 56870 29034 3772 44916 16086 29889 2318 13044 56718 90388 51635 81662 92933 61371 8726 54505 20482 89467 44859 74818 30089 43211 68684 57584 43492 12341 10116 45180 61279 34304 53676 29209 95227 53149 59171 50843 26283 72867 53234 13054 78408 21961 24688 46070 72268 29354 11175 33821 83090 61203 60629 39552 835 84784 88923 46851 52519 77413 8716 26359 20351 80382 51558 9650 57701 14432 48337 79742 75751 33372 4830 78270 67295 1146 11767 61444 93312 81161 71061 21675 61508 61490 45023 59253 20829 32601 86304 82262 76847 62081 95082 93203 43984 72299 37911 86337 23500 22784 40523 8437 21931 86268 14846 74458 1862 36648 72250 51159 69785 19851 72041 9192 55203 57246 8234 36213 34525 99730 27195 1112 66759 85319 24787
575 258
7199 77584 59376 54178 43311 17971 51645 16296 82417 41717 14584 63663 45993 43913 3147 35987 50396 92208 11151 63869 6849 76581 43291 94049 36500 57380 7465 35810 60434 22497 16033 52073 94372 64472 31926 61160 89759 78000 33084 11601 7553 71478 15849 20330 33249 26451 39312 79387 25304 90065 73524 39421 5716 11023 3453 85558 3956 81673 8976 91238 48630 25109 17484 69992 42704 29853 84527 46301 30646 15563 25576 68834 22755 98932 22252 15170 63532 16106 47475 99571 71258 98305 55873 95620 85054 20658 97418 79759 98739 61151 8654 13622 21598 54321 50132 6819 35351 52295 91524 18478 32253 88365 88103 84913 9734 67456 30210 96967 32510 38200 33187 33106 1231 59255 70440 57871 82384 47589 35845 34320 50996 34680 13573 34844 81077 23600 25661 39835 27237 98093 1885 29102 60234 57481 68681 3812 85154 96771 87527 64787 95564 16516 14835 75012 89635 84175 18503 50201 37259 62866 31495 46607 21005 48235 63395 29649 98861 52933 25864 30815 19610 10154 81107 4584 37455 65291 95366 26940 90482 11453 20420 14295 55790 10537 68726 69776 33535 84688 33651 23552 1837 91460 92510 61426 11203 43879 15878 23140 33359 68335 61018 9323 81777 65458 39315 89139 29379 13676 69483 99756 50199 18266 67035 57410 20664 65054 15970 11996 85126 95322 14757 63340 62078 44777 93435 33264 50537 75100 48301 56254 89948 53653 52396 61644 63232 57817 32137 97480 64161 71601 55994 50567 35723 98543 85649 83337 57965 54081 88666 37464 5115 9486 67303 39936 2119 7926 33963 8099 69558 70310 70473 53771 75468 9023 63879 71918 54422 54029
629 24
23563 61500 32770 40806 94070 59031 78674 4119 44432 49084 6335 40469 33843 15381 44767 85930 49760 42790 76198 7430 58470 72254 56522 86651
573 67
20684 72869 67446 50772 62464 31312 23447 87131 87090 29048 92497 79304 36821 28243 2321 44458 48504 85698 85806 62421 53740 15343 46210 55011 40908 44368 71723 36684 3850 3736 28458 25908 260 86124 78035 8043 54060 64775 61291 25381 44359 9867 79926 47816 17565 91284 31586 57694 76974 66812 18604 68227 2159 92018 64654 39338 56629 37813 13366 35022 25218 23275 98424 9592 72699 53158 33501
571 228
95994 86468 89522 3573 45540 64938 4970 3887 57782 96492 21295 16999 96256 62873 55448 70241 38187 52482 9093 67749 25321 40868 98840 46843 18214 25360 63070 81729 4202 89320 48674 93014 36114 76411 17189 33089 7834 25803 44522 95399 99749 51732 23613 72117 33392 66881 66363 29411 47341 85017 79731 26654 64594 30933 29967 32855 60253 47277 45915 56586 70841 75520 87573 90998 39061 6490 20226 80612 80184 96218 27180 59236 45729 69312 61632 84070 24589 1402 29547 76676 95812 52477 8206 11652 63312 41114 93675 90164 14804 71865 39498 39408 5353 18833 97924 68006 90882 37602 93953 53477 31314 73912 42776 90815 35546 7817 21343 79417 29784 5630 40289 19963 61659 6474 96154 10832 70098 68617 28652 57536 84399 77771 90867 23362 69977 11147 51365 66873 82849 21134 95658 91247 5214 88440 71821 76673 65925 3364 9331 28279 42761 29813 85369 29516 42484 52958 92180 6860 60204 82719 21640 10220 59796 99002 85000 38746 48123 66591 49747 91771 79526 31248 45585 29822 92382 34626 24593 45351 74396 66809 75212 66638 71050 38994 23974 65783 12369 27611 9359 69966 68701 56766 55353 74339 29509 45178 85905 48094 50574 52903 6507 83440 95476 74492 8921 37836 537 46738 41528 64888 57036 17147 58529 72258 27160 65339 95957 92813 88322 20936 91046 22689 69144 80803 50218 12223 67162 82373 62872 27142 98264 93859 85861 65241 58376 80283 50120 23679
568 109
78394 64267 32835 20369 55677 83977 6057 65424 29583 89901 74028 49028 52190 2802 8491 67285 75069 12911 75346 89754 17579 89382 99373 5804 1866 34149 42121 49275 37130 74626 59814 12639 54350 58871 16727 44310 97125 26911 75152 93949 95197 7701 19073 55613 48960 74937 6562 37738 38379 28878 33195 22882 39875 42510 68783 46199 70813 63681 73568 85079 57944 48706 55430 81342 11520 7294 68272 42308 32556 95414 44559 38201 6511 22824 33281 40422 30237 20340 38286 54298 1638 91246 33423 4509 24245 36834 41246 42766 88904 34475 34716 85901 61147 75002 32627 83392 19923 71193 32639 76206 9262 68724 83973 31756 72491 7757 17404 52745 49341
566 216
8392 60113 48112 53337 63239 904 31234 62445 37463 80289 91343 13037 70501 1340 35763 91797 67760 14515 71482 1450 64974 89825 92906 13716 81532 23224 75673 912 34484 3721 48711 87725 58455 14046 34962 16318 71632 86022 86163 56063 8829 17968 10603 71764 16165 66836 85866 14613 71949 24154 34779 75390 83308 11029 54034 54256 967 70079 4985 17376 78805 25775 89095 51660 32065 37734 14134 62935 68975 79782 58922 94815 38264 16914 80697 79702 83768 39523 98614 31833 74061 41392 39313 70584 59066 90315 14435 42756 99039 24002 67933 76602 90698 39586 55025 94034 71953 52841 65566 12082 52544 74904 97940 84832 53685 49086 5854 94733 17797 59085 36108 48137 76846 62033 38343 58 4596 75134 50364 86373 25196 29537 17678 18260 82463 6201 6814 98228 13588 55965 38845 82565 10252 38833 89461 53615 93334 45383 72086 23438 17155 2696 86903 89054 10859 99075 41416 61622 89359 15174 28807 80915 17162 12161 61347 57183 43760 36530 12567 17664 84436 93532 7865 79809 26692 83153 49209 14401 43912 32884 92224 53576 19485 26796 4776 41275 85576 30784 55272 21511 77085 44515 70821 68134 35619 83077 60690 49591 38700 34835 67466 67835 61947 78644 10795 2562 80431 32918 27138 68212 73131 14459 81209 11568 43804 79723 65214 64462 79347 29173 71595 23414 78842 30456 23102 52344
565 27
68289 34974 77673 15498 86886 44973 54181 17779 82707 55720 7647 9327 11480 23335 46138 96649 49006 81791 73215 11011 2500 28502 99859 21867 59448 18298 47926
559 194
85082 38529 53187 44887 12062 18485 16709 381 75294 17042 14124 84622 31070 92142 95433 18742 76586 50653 34418 24605 55952 98747 91744 69165 72492 58606 53554 97476 18483 97763 30891 92995 63635 35419 59516 30942 22070 53432 26824 78810 41899 64155 10356 41930 75746 46790 96807 82374 11228 65926 20534 60391 77022 35772 51920 57549 88918 54411 92832 85825 76803 3785 62523 4426 66 38423 24488 72288 54910 43643 4323 98836 21635 26522 55321 60794 85511 26959 46498 45654 25863 16015 44027 48033 70386 75334 19003 73339 26293 8203 99154 70957 994 23166 79179 83128 6091 22890 46123 76283 44619 66540 11724 83385 65578 74456 40016 17690 77111 34611 71362 33706 51625 3002 31958 6399 87744 84493 26413 45555 60674 87974 99598 77702 29246 844 56393 25090 36852 29817 33977 9008 1976 54230 30462 50813 71714 72486 71641 35172 54752 91794 30874 17178 56880 92864 9429 89904 65964 13007 76232 44142 776 96992 50685 61476 22501 90165 11768 2803 78544 12839 41627 42705 25558 43908 18808 34037 76065 52568 71483 33414 62892 51588 89667 26667 56281 14060 55805 26149 63918 17736 82272 98825 96081 11882 71583 29558 88167 14662 4034 51097 5439 12393
554 143
93191 52304 28374 52937 24567 53057 1726 9470 42546 69465 24371 27320 86252 43047 80284 22446 60126 70110 30672 4694 36030 81314 63794 10008 23364 49089 29018 7691 31456 2484 20185 49450 80753 95882 57413 70579 94716 43771 89015 64902 83019 1308 84189 26110 12423 82030 29862 80059 76561 57227 86245 92949 50615 73220 4966 98939 75244 15053 73668 88543 51357 29407 98736 79076 81218 37823 70562 5090 41397 5252 84040 58511 40835 20766 2732 29114 62980 2108 73289 68032 32263 96066 95705 13117 94119 72702 494 7513 53077 19469 71563 29022 69445 91534 13976 47866 4689 91044 45623 97855 64285 92660 35613 287 12644 53579 93806 13319 65612 86625 3882 21424 76182 93691 76897 59893 34312 33709 75060 41036 85526 22509 93246 61446 60860 58890 80076 67342 66472 45394 44206 66374 11123 92514 14158 85085 22900 60675 238 53489 98802 23967 82496
552 11
37990 9877 49661 95124 55545 25992 94290 43328 19646 64790 26350
543 81
1263 92690 69160 55936 95076 18193 4261 81715 80056 39656 74965 92396 68320 55125 12827 31587 22171 96475 10591 91282 96285 36876 14828 89347 43535 18836 14341 26245 98912 76558 32046 19175 50603 15418 29869 85452 10780 22633 49937 38055 29010 62895 67616 67358 20723 78849 97167 71366 15994 73725 39501 11025 6504 7484 71044 38908 49790 64296 44063 14231 89146 88955 86666 41991 64333 28654 65598 13407 61871 94869 25787 86106 96765 86194 78396 76598 53273 74405 31796 42390 27483
541 17
51843 34813 65129 27260 80208 54475 1339 53375 24930 62190 43135 73074 93491 30209 93418 59810 96782
540 78
29741 93470 68399 66906 10017 32783 6955 41091 10657 42709 63632 14875 54147 66352 48360 73696 33450 10106 25356 40386 73606 85970 17511 15401 59134 3973 43732 57881 45040 66750 20739 85704 20540 11478 41026 51427 3253 51148 25217 34211 64283 22405 52485 30587 75451 33688 69174 6154 98617 63889 78455 56875 40780 29554 1445 25449 2004 11824 47483 73806 35575 88112 16242 22301 24954 15422 51964 76150 11362 33185 45087 16945 97571 8461 97338 77756 80257 86466
539 146
36000 35395 22067 25042 49521 56181 4447 94281 68630 77785 66701 64089 37169 35857 69373 7502 73321 60723 12856 19865 49370 45030 30037 14939 7951 70031 465 85877 80792 1672 4280 58424 63830 79277 5478 33580 73076 24220 37757 47080 52215 16630 97146 19355 90634 30433 70897 80777 20954 41314 66615 67382 83717 89337 94044 91147 73316 6151 19818 29272 78014 12720 40783 29902 89508 66039 1128 75019 32973 87394 20011 17449 51759 59472 66191 82640 86845 37862 55161 68627 28046 45955 28062 9303 15953 30900 65053 51118 15744 13150 15992 96495 34264 7835 14015 78357 89399 39271 24900 50451 78824 99211 97605 42587 49585 32156 43831 155 29118 33131 65280 69470 74918 16240 77832 72763 21499 35394 23834 73334 1872 51820 64026 23889 54501 6281 5978 59495 73985 17347 88291 78397 55468 48648 46256 22553 76653 6725 60711 74304 76899 90568 74806 65728 72607 62094
536 144
2544 51679 25722 67602 6619 10015 5947 12962 15946 36847 60201 78797 1520 54115 48390 744 69444 86158 6236 12429 54631 14420 32113 82938 64242 5828 4912 63776 13092 37052 75815 1440 82776 83665 45263 86953 71312 43634 78559 41007 22075 85500 18536 82502 54340 9710 6169 77853 58515 54155 1764 91578 45581 1516 54141 7800 62087 12772 88433 22925 74490 7535 19075 31223 73778 44866 23693 33733 74630 78617 88476 70346 39562 47979 1064 51707 76839 59971 34253 28395 37110 8465 23437 8439 6634 94478 1749 61789 20706 87187 22932 41417 76404 94394 16007 7088 68814 16362 71447 66031 67692 56125 26922 67770 12656 7760 35295 82831 8580 95018 75702 77285 17354 97946 69221 45701 78447 63549 41766 67194 95808 86033 91593 47759 92247 4470 72209 85666 71725 40703 26845 53068 18505 42564 64969 31988 75849 16550 61489 50571 27726 88200 22826 67511
533 130
53264 53423 76890 50954 57509 28833 31207 52443 61159 83080 68546 58615 90842 38762 25907 78123 87317 3144 33362 34236 76548 20197 14811 54078 95943 44262 21065 80007 15351 75759 44504 67667 58341 9951 97997 5236 44347 38794 63476 59426 61634 58222 54858 21980 10256 86103 59373 8886 45712 4298 32820 25542 2976 15620 21636 38914 75144 73621 59122 73185 95593 13941 12554 83941 94618 76915 84239 43163 80132 84579 58778 84112 39034 42523 78982 76811 59296 36351 2615 15200 59504 3822 22287 81477 46086 29685 18640 37232 70969 42479 4635 63298 88496 71555 54542 1170 4018 2421 15091 84191 32182 16811 45950 95879 81126 89192 96358 28129 4844 41529 63821 62039 12105 81215 95800 24302 88765 13744 5648 84925 48220 53393 58041 38300 82343 11031 57003 62166 23089 10348
628 24
41304 90249 98692 5476 71292 24701 84904 62512 76074 28769 26672 61834 20111 39111 11306 7421 86412 41450 75296 36084 46407 2077 195 21435
631 44
85257 8993 1653 77835 76210 16424 77918 25021 96674 6222 73583 82230 82682 49673 63019 96948 77002 84174 8211 81832 12176 70531 94142 89631 19365 81559 80970 4548 64098 81900 86879 78756 88014 83709 76176 69497 72302 77646 94442 92533 95566 21711 57136 68008
522 104
77376 96006 91667 68937 47149 52814 27295 39821 99879 72384 9725 34333 44286 88494 56673 4044 33092 72741 48090 81611 2842 33044 60741 65862 79373 54508 20710 16531 84998 32768 96550 28260 72722 49480 74777 27115 12566 16886 27264 66146 92850 54823 75601 20373 76550 55236 79749 66743 82878 95687 68482 30872 24333 81902 25274 25608 45625 59456 15652 65675 87587 35547 55755 87004 36901 49112 32681 85591 22193 9107 6353 5528 70638 76949 90088 75667 19212 53367 92197 18521 62358 79692 63713 48097 3533 80435 6754 38881 86822 57708 73282 74679 55260 64584 98358 6721 82966 89318 69191 44754 96145 65770 15875 91965
685 98
90159 13404 9207 89212 95865 36022 43761 27081 88943 46079 26797 57940 1301 11392 7400 33837 86300 78488 59999 6638 53229 49242 16943 65133 77601 852 68503 30667 33994 38632 29829 58206 84394 34360 91783 92664 84922 46773 66604 58127 68559 62614 55535 62154 91602 82942 36511 71276 43368 3142 75895 80387 87627 41527 70963 39995 57857 24389 349 81890 81361 44821 74871 25190 16156 38205 29420 52258 71855 438 82493 18301 60941 54999 17197 24761 44790 52531 92805 18307 51507 27420 66435 6002 62588 80038 9134 31549 16085 78476 54521 12797 57574 90279 48506 32899 32496 23436
717 96
5671 53434 64958 6429 90711 58672 75744 19524 39612 75354 98351 10435 43957 64453 86599 93345 37131 13877 41628 68065 80105 77469 19991 56857 96612 80415 81891 87644 35046 30087 62172 99158 81854 48675 23271 36933 30107 38191 98926 11640 15465 81621 20468 77774 85607 20737 36640 66252 13162 1043 42318 44691 87884 93556 53340 74922 35423 83650 82852 81400 46144 88827 49719 18034 76765 62272 40340 35489 46725 50107 39119 98920 16522 87967 98651 43482 13866 46687 9526 48891 88950 39293 82130 93672 77522 93081 6087 7066 77869 58287 76351 96690 97912 8909 22852 44403
716 92
88746 98884 26253 20985 26183 21422 65163 49045 76894 16456 60548 35621 82498 41221 15344 80202 38290 60387 95565 41100 99709 40444 39924 45350 67375 45411 28396 40786 36375 92831 11149 46964 61035 56754 42931 203 16920 59635 77245 45066 38399 68877 31371 29444 58386 79943 20317 23415 48696 48045 69762 69383 94106 23313 2785 66872 9343 7635 65994 78775 67753 27192 47503 91257 93841 75020 60538 44057 16168 34128 32928 8411 66280 96841 48443 85473 66272 71439 81405 17645 80228 3813 76338 17966 42362 44308 38862 83336 9253 78859 9648 92240
715 90
69493 9274 27877 2360 28003 12935 13470 49779 1790 89515 18064 73345 72573 77066 12789 1427 97462 82190 52325 71059 63090 57954 20272 28708 67794 33291 4029 82765 3599 9807 6228 54276 37144 38046 25960 90728 16191 94461 82274 13085 87144 27650 7100 3445 86240 8720 38778 89606 61650 84838 29086 1106 5461 90066 38313 20505 72575 47646 89707 74142 82768 34923 28136 5188 42452 91309 88491 43016 27391 51278 96628 83455 39601 83748 46274 93565 2274 9142 55146 87480 14541 98755 20472 15256 69539 61132 75381 40472 42563 54286
710 86
49002 27621 81757 11670 18727 56005 63623 45131 12550 95919 6852 96134 51262 3801 46861 49742 76835 33998 73529 22933 64824 73242 55508 88055 2315 59728 32707 60007 79870 45714 7110 40528 86543 68768 64004 14744 28783 8305 99378 23143 49694 97755 58647 69342 99489 89639 9969 87386 89014 95027 20260 90800 32528 87654 56267 65508 22743 84992 8991 19837 83725 28056 32327 64576 52493 9991 89580 10798 15095 23783 37652 64826 69586 41168 94994 35633 76371 81713 85291 17004 22204 95722 30839 48819 48840 70130
709 42
86587 73945 29263 504 9074 70475 11549 71571 57032 77500 42866 57612 43362 41668 68558 6209 42507 64918 24381 7330 58966 71612 76595 7213 77236 82000 34770 11634 34970 49097 17264 93373 47332 3576 56861 77275 60125 6741 24331 12194 66457 73611
708 82
79095 23715 25711 84903 10201 30380 12908 79786 76660 50045 69126 88413 85891 52471 38315 54623 92901 85899 52532 60380 5375 86783 29333 98887 42162 2592 39274 40367 38855 10020 81358 79492 95931 22483 63592 58350 81973 68745 7902 97821 79713 30704 59228 7265 47815 50965 73258 95400 54357 17546 25712 38939 95952 70421 77875 87375 62820 70322 76046 16915 61523 64289 37636 12232 21989 45433 78978 72647 80140 66508 31081 45220 32299 67919 82556 11191 23260 81250 53197 73350 27594 98841
703 20
62254 86675 6977 129 95323 9559 18747 54963 1560 90768 81481 49064 26371 14638 87338 39512 44773 47401 60396 71501
701 26
80322 31344 80209 26914 95045 5093 31435 60868 87085 28015 26597 41286 59116 81505 81263 46033 66893 36443 66347 79616 99863 11131 97742 55467 31562 47461
406 17
43520 15264 54313 83364 97729 7785 39409 33777 11373 38572 32315 22702 76263 95533 71181 82163 80456
695 26
34759 49518 39566 75438 23110 85367 60777 80269 91428 71463 82283 55940 48267 81557 46648 40939 22352 94554 44733 34657 84487 73616 71965 66727 41559 39714
693 24
92363 42772 64814 65523 98041 14764 90874 10575 34125 22659 24630 57766 71811 60516 6571 41265 25527 58970 36785 26939 90940 22337 58761 1501
692 16
83945 53394 52347 50791 19102 15700 42320 85525 20166 95159 79650 33329 23331 39372 9257 79769
687 7
76532 4326 44160 44114 34435 42920 49072